555555555518888888888
5D0000000D0D0000000D8
506000006070600000608
500600060070060006008
500060600070006060008
50000f000070000f00008
500060600070006060008
500600060070060006008
506000006070600000608
5D0000000DgD0000000D8
1077777777P7777777701
2D0000000D7D0000000D3
206000006070600000603
200600060070060006003
200060600070006060003
20000f000070000f00003
200060600070006060003
200600060070060006003
206000006070600000603
2D0000000D0D0000000D3
222222222213333333333
@
5.5,4.5,3
5.5,6.5,3
4.5,5.5,3
6.5,5.5,3
15.5,4.5,3
15.5,6.5,3
14.5,5.5,3
16.5,5.5,3
4.5,15.5,3
6.5,15.5,3
5.5,16.5,3
5.5,14.5,3
15.5,14.5,3
15.5,16.5,3
14.5,15.5,3
16.5,15.5,3
1.5,2.5,0
2.5,1.5,0
1.5,18.5,0
2.5,19.5,0
19.5,18.5,0
18.5,19.5,0
18.5,1.5,0
19.5,22.5,0
1.5,5.5,1
1.5,15.5,1
5.5,19.5,1
15.5,19.5,1
5.5,1.5,1
15.5,1.5,1
19.5,5.5,1
19.5,15.5,1
@