1111112222222222        33333
1000000000000002       1000006
1111112222222202      100000006
             303     10000000006
             303     10000000006
             303    1000000000006
             303    1000000000006
             303   100000000000006
             303   100000000000006
             303   100000000000006
             3038881000000000000007
            33000000000000000000007
            30038882000000000000007
            4044    200000000000005
           4004     200000000000005
           4044     200000000000005
          4004       2000000000005
         44044       2000000000005
 6     440004         20000000005
606   4400004         20000000005
604444000444           200000005
600000044               2000005
6444044                  44044
   808                    808
1111012222222222         33033
1000000000000002        1000006
1111112222222202       100000006
             303      10000000006
             303      10000000006
             303     1000000000006
             303     1000000000006
             303    100000000000006
             303    100000000000006
             303    100000000000006
             30388810000000000000007
            330000000000000000000007
            300388820000000000000007
            4044    200000000000005
           4004     200000000000005
           4044     200000000000005
          4004       2000000000005
         44044       2000000000005
 P     440004         20000000005
606   4400004         20000000005
604444000444           200000005
600000044               2000005
6444444                  44444
@
4.0,1.5,0
8.0,1.5,0
14.5,1.3,2
14.7,12.5,1
1.5,19.5,3
6.5,21.5,3
9.5,18.5,1
10.5,18.5,1
12.5,14.5,3
13.5,13.5,3
16.5,11.5,3
17.5,11.5,3
18.5,11.5,3
27.5,11.5,1
27.5,8.5,1
27.5,6.5,1
27.5,4.5,1
27.5,7.5,3
27.5,5.5,3
27.5,3.5,3
27.5,14.5,1
27.5,16.5,1
27.5,18.5,1
27.5,15.5,3
27.5,17.5,3
27.5,19.5,3
4.0,25.5,0
8.0,25.5,0
14.5,25.3,2
14.7,36.5,1
1.5,43.5,3
6.5,46.5,3
9.5,42.5,1
10.5,42.5,1
12.5,38.5,3
13.5,37.5,3
16.5,35.5,3
17.5,35.5,3
18.5,35.5,3
27.5,35.5,1
27.5,32.5,1
27.5,30.5,1
27.5,38.5,1
27.5,40.5,1
27.5,37.5,3
27.5,33.5,3
27.5,39.5,3
27.5,31.5,3
@