333333333333333333
300000000005000054
3D55550005000500P4
300000333333333333
300000211111111111111111
300000210000000000000001
300000210066666611011001
300000210000000611011001
300000210077777600000001
300000216666666677770001
300000210000000000000081
300000210888000088880081
300000210806666666666666
300000000806
300088888806
30008000000111111111111
30008055555000000000004
30008050000000000000004
30008050000000000000004
30008050600000000000004
30008D50600000000000004
30000050600000000000004
30000000600000000000004
34444444444444444444444
@
5.5,12.5,1
5.5,11.5,1
5.5,10.5,1
5.5,9.5,1
5.5,8.5,1
5.5,7.5,1
5.5,6.5,1
5.5,5.5,1
5.5,4.5,1
12.5,11.5,2
15.5,11.5,2
20.5,11.5,3
22.5,9.5,0
15.5,8.5,3
18.5,7.0,3
11.5,5.5,0
8.5,8.5,1
9.5,8.5,1
14.5,7.5,3
5.5,15.5,3
9.5,22.5,1
11.5,22.5,1
13.5,22.5,1
15.5,22.5,1
17.5,22.5,1
19.5,22.5,1
21.5,22.5,1
7.5,19.5,3
11.5,16.5,1
13.5,16.5,1
15.5,16.5,1
17.5,16.5,1
19.5,16.5,1
21.5,16.5,1
21.5,20.5,3
21.5,19.5,2
21.5,18.5,3
16.5,20.5,3
16.5,19.5,2
16.5,18.5,3
11.5,20.5,3
11.5,19.5,2
11.5,18.5,3
6.5,2.5,2
8.5,2.5,2
10.5,2.5,3
12.5,1.5,3
15.5,2.5,3
19.5,22.5,1
21.5,22.5,1
7.5,19.5,3
@